Nombre,Contrasena
Pablo;Mod
Camilo;Mod
USUARIO;CONTRASEÑA
